Input,Output
0.000000,0.000000
0.185272,0.070221
0.170441,0.126953
0.332336,0.208160
0.327667,0.306213
-0.016998,0.413544
0.305359,0.249390
0.996979,0.131439
0.741455,-0.035553
0.476257,0.093292
0.546234,0.087769
0.797974,0.065826
0.747620,0.071106
0.852112,0.064270
0.562683,0.086426
0.289703,0.103088
0.126312,0.111877
0.750641,0.073395
0.851135,0.061035
0.183594,0.108246
0.313599,0.104340
0.231384,0.105713
0.304260,0.103119
0.310699,0.101929
-0.053650,0.376373
-0.136383,0.422974
0.132446,0.229279
0.180054,0.150940
0.093567,-0.025482
-0.263489,0.377319
-0.461029,0.368835
-0.203369,0.728485
-0.276062,0.154663
-0.204529,-0.168488
-0.353699,0.499115
-0.498169,0.637024
-0.690369,0.318146
0.016602,0.011017
-0.360687,-0.315399
-0.443176,-0.088959
-0.760986,0.371155
-0.169373,0.735352
-0.209137,0.165283
-0.028687,-0.141113
-0.346710,0.295074
-0.337921,0.681793
-0.039764,0.538391
-0.123871,-0.187775
0.238586,-0.238525
-0.276672,0.528046
-0.402496,0.413574
-0.021088,-0.186188
0.500305,-0.194641
-0.022156,0.343109
0.073242,0.154297
0.203583,0.092926
0.660583,-0.265320
0.593811,0.253632
0.636902,0.256012
0.443176,0.235291
0.298218,0.305817
0.738770,0.296967
0.672516,0.353333
0.720398,0.293213
0.413788,0.324890
0.232849,0.227020
0.569977,0.331207
0.643219,0.278534
0.554321,0.340454
0.026550,0.188934
-0.102417,0.490692
0.171783,0.474243
0.584930,0.281464
0.715881,0.281799
0.135956,0.141174
-0.240692,0.289459
0.148438,0.298248
0.286652,0.234436
-0.079559,0.493835
-0.403290,0.446106
-0.567963,0.587128
-0.196289,0.485687
-0.003845,-0.173645
0.234222,-0.114563
-0.630951,0.461182
-0.506592,0.630737
-0.493652,0.389587
-0.165283,-0.215332
0.009705,-0.279877
-0.605560,0.420258
-0.549591,0.611755
-0.529205,0.374756
0.083099,0.049530
-0.305206,-0.303131
-0.298615,-0.042816
-0.619324,0.413971
-0.159546,0.742065
-0.009766,0.191132
-0.061188,-0.143768
-0.236084,0.311310
-0.096344,0.752991
0.054840,0.044220
0.296051,-0.269714
0.306702,0.282776
0.220764,0.222748
-0.064178,0.382233
0.405823,0.248444
0.670990,0.273865
0.706909,0.354828
0.559937,0.266205
0.555878,0.339691
0.592102,0.271881
0.938110,0.370331
0.586792,0.270782
0.372925,0.318604
0.132477,0.209686
0.507416,0.319855
0.808350,0.301880
0.528687,0.338898
0.363586,0.241516
-0.147217,0.484375
0.394257,0.515533
0.910492,0.317291
0.163483,0.223724
-0.120819,0.383820
0.079346,0.197205
0.089722,0.190033
0.250214,0.283478
0.121155,0.204010
-0.319092,0.457520
-0.330200,0.462616
-0.647522,0.557159
0.071503,-0.053009
-0.022949,-0.295837
-0.747589,-0.169952
-0.599487,0.415131
-0.252625,0.715210
-0.363342,0.140015
0.146240,-0.286224
-0.534973,0.274628
-0.731873,0.536652
-0.304108,0.449982
0.161530,-0.263550
-0.220520,0.205231
-0.616943,0.579163
-0.485199,0.387268
-0.312897,0.044769
0.081299,-0.036224
-0.406403,-0.169739
-0.150269,0.008575
-0.330017,0.514679
-0.013611,0.793121
0.318268,0.082428
0.450439,-0.237701
0.098877,0.252197
-0.078766,0.762604
0.135345,0.055939
0.333160,-0.261200
0.546661,0.323761
0.582062,0.272217
0.479797,0.134796
0.481659,-0.030579
0.969879,0.054504
0.926453,0.058289
0.357483,0.100800
0.163361,0.110016
0.566742,0.089294
0.678284,0.073364
0.588318,0.082642
0.023010,0.115601
0.006012,0.118652
0.174927,0.094940
0.333618,0.076660
0.260040,0.090607
0.157166,0.106049
-0.136414,0.358398
-0.080261,0.431427
0.283508,0.249542
0.103180,0.147125
-0.042938,0.288635
-0.498749,0.450287
-0.231537,0.827942
0.211517,0.061768
-0.101837,-0.153870
-0.468506,0.464691
-0.797180,0.524750
-0.412048,0.671204
-0.198853,0.160126
-0.313507,-0.184418
-0.597260,0.421844
-0.864380,0.496643
-0.837097,0.512817
-0.161102,0.750336
0.059387,0.042877
-0.691040,-0.235413
-0.668915,0.394958
-0.199799,0.728424
-0.176331,0.169495
-0.072784,-0.147400
0.025818,0.104980
-0.165039,0.326385
0.004028,0.008545
0.608398,-0.202240
0.110779,-0.258087
-0.072845,0.600555
-0.234009,0.476288
0.284821,-0.239471
0.607269,-0.002167
0.626617,0.353088
0.178009,0.228485
0.091034,0.147369
0.652252,-0.039185
0.434265,0.090424
0.575928,0.084259
0.267700,0.102142
0.262482,0.105255
0.459747,0.095154
0.732239,0.069702
0.462494,0.093384
0.204895,0.106476
-0.195831,0.378601
0.552063,0.262817
0.562592,0.133240
0.095642,-0.023773
-0.058990,0.378998
-0.222717,0.408508
0.084595,0.218231
0.143768,0.151215
-0.127167,0.289215
-0.272583,0.482574
-0.234894,0.482880
-0.640106,0.308960
0.035004,0.135254
-0.141144,0.220947
-0.593079,-0.040039
-0.698242,0.386902
-0.474792,0.637146
-0.258118,0.472839
-0.488983,-0.257446
-0.562744,-0.120270
-0.635315,0.405914
-0.570221,0.603638
-0.370758,0.432007
-0.122986,-0.201416
-0.484589,-0.249481
-0.413361,0.473267
-0.168671,0.744293
-0.149811,0.174927
-0.064575,-0.145691
-0.308380,0.300262
-0.175812,0.728973
0.055939,0.039581
0.264252,-0.275940
0.366821,0.291870
0.269165,0.229950
0.357117,0.142426
0.764832,-0.043121
0.821808,0.063812
0.602661,0.083313
0.565369,0.085846
0.207245,0.106171
0.588287,0.087067
0.723602,0.070190
0.763153,0.069489
0.459259,0.095001
0.164642,0.108673
0.577698,0.088562
0.849579,0.060455
0.887207,0.060791
0.268036,0.104950
0.197113,0.109222
0.317932,0.102814
0.685364,0.076111
0.416138,0.094818
-0.181793,0.374420
-0.160522,0.416779
-0.098267,0.406219
0.294189,0.246918
0.213593,0.147400
-0.224701,0.287384
-0.481628,0.449585
-0.204956,0.837372
-0.025970,0.179291
0.076874,-0.291046
-0.452698,0.282135
-0.712921,0.544525
-0.621765,0.334259
-0.096252,0.116211
-0.486664,-0.326874
-0.718536,-0.165680
-0.546234,0.431824
-0.731323,0.546509
-0.281891,0.457794
-0.471466,-0.255524
-0.531158,-0.110229
-0.401733,0.479065
-0.249268,0.721924
0.024872,0.033264
-0.004578,-0.140747
-0.351196,0.294647
-0.213013,0.717651
0.019897,0.033020
0.448669,-0.244965
0.498291,0.318146
0.057831,0.202240
-0.001984,0.387604
0.363983,0.245117
0.485596,0.246399
0.343872,0.310913
0.463074,0.254852
0.433868,0.321075
0.712402,0.292572
0.932770,0.371552
1.000000,0.326324
0.244049,0.307281
0.364288,0.246765
0.534149,0.329376
0.841766,0.307037
0.530914,0.339478
0.269379,0.230103
0.124237,0.278809
0.258728,0.232239
0.375732,0.306732
0.310638,0.234253
-0.547333,0.423889
-0.087006,0.878967
0.126740,0.059967
0.286957,-0.269287
0.302460,0.282074
-0.543640,0.333069
-0.428009,0.655121
-0.431366,0.413635
0.175873,-0.273682
0.051453,-0.176666
-0.447052,0.507324
-0.550140,0.618408
-0.505859,0.384216
-0.366699,0.023499
-0.271790,-0.118866
-0.705505,-0.159302
-0.546997,0.432465
-0.371704,0.678345
-0.328857,0.141479
0.056335,-0.301697
-0.697052,0.258423
-0.590240,0.586609
-0.106201,0.511536
-0.109375,-0.188019
-0.044373,0.230988
-0.474304,0.634583
-0.503113,0.385498
0.195984,-0.277863
0.482147,-0.205109
0.593628,0.335327
-0.066925,0.408997
-0.038269,0.414581
0.422577,0.263580
0.938141,0.131989
0.874115,-0.038269
0.464905,0.093964
0.275970,0.103912
0.555939,0.088715
0.932739,0.054596
0.759033,0.070801
0.279327,0.104370
0.372833,0.100128
0.418427,0.095825
0.951019,0.053986
0.742310,0.071625
0.318268,0.102386
0.044250,0.116028
0.548615,0.083008
0.677277,0.066772
0.382172,0.094208
0.368683,0.098816
0.004974,0.116333
0.011505,0.097992
0.412445,0.074432
-0.154663,0.386353
-0.562714,0.355713
-0.731628,0.546600
-0.328522,0.442047
-0.199249,-0.212097
-0.058105,-0.202423
-0.640778,0.406708
-0.840149,0.504303
-0.611542,0.596069
-0.121338,0.508606
-0.435577,-0.243286
-0.199036,-0.005646
-0.438568,0.212250
-0.568634,0.018860
0.091522,-0.102875
-0.060364,-0.315857
-0.488251,-0.103821
-0.438293,0.467834
-0.517822,0.627808
0.197449,-0.009186
0.295380,-0.320984
-0.368683,-0.242462
-0.289917,0.512329
-0.347717,0.432312
0.241638,-0.254303
0.242310,-0.121826
0.146973,0.174286
-0.021484,0.119110
0.415619,-0.243011
0.775543,0.356873
0.614166,0.281036
0.477661,0.134521
0.324585,-0.026428
0.464264,0.093658
0.772156,0.066467
0.782562,0.067474
0.472656,0.093994
-0.096252,0.371582
0.365356,0.245483
0.683838,0.135712
0.689545,-0.036285
0.342651,0.098480
0.234161,0.105988
0.428680,0.096619
0.433563,0.094391
0.291168,0.101654
-0.219360,0.376984
-0.445160,0.373108
0.009125,0.198425
0.121826,0.153290
0.117371,-0.025574
-0.018280,0.380615
-0.346649,0.390533
-0.290558,0.375031
0.262024,0.238251
-0.009369,0.379395
-0.628174,0.397949
-0.792297,0.601898
-0.348450,0.416565
-0.327576,-0.236877
-0.233124,-0.015717
-0.522675,0.445313
-0.605438,0.594208
-0.483704,0.389954
-0.241821,-0.227722
-0.256744,-0.229248
-0.383972,0.484253
-0.813110,0.520294
-0.284149,0.715668
0.121613,0.043365
-0.089844,-0.152771
-0.286285,0.524323
-0.392090,0.417267
0.098328,-0.285156
0.325439,-0.096741
0.453369,0.320770
0.180969,0.224030
0.189667,0.149231
0.078278,-0.025543
0.884338,0.063782
0.781891,0.065613
0.415710,0.096588
0.199097,0.107269
0.645569,0.081787
0.618530,0.078918
0.659454,0.076935
0.432861,0.095245
0.417725,0.095917
0.389496,0.096985
0.819244,0.064331
0.746460,0.070557
0.203369,0.107513
0.086395,0.115234
0.355957,0.088623
0.548706,0.079254
0.303711,0.096344
-0.230316,0.376068
0.116486,0.212311
-0.059723,0.380219
0.283386,0.234741
0.041412,0.178284
-0.448761,0.437897
-0.480499,0.734070
-0.200897,0.472900
-0.326263,-0.229736
-0.459930,-0.085632
-0.439178,0.468475
-0.772095,0.534729
-0.357025,0.431396
-0.370239,-0.242218
-0.330048,-0.046387
-0.474640,0.458984
-0.575043,0.606323
-0.368042,0.433441
-0.423187,-0.251709
0.215637,0.057220
-0.680267,0.144623
-0.601379,0.003326
-0.377808,0.235107
-0.070007,0.196014
0.069305,0.068024
-0.032990,-0.146759
-0.279846,0.304474
-0.132050,0.741974
0.210266,0.060638
0.348083,-0.257629
-0.158691,0.321869
0.093262,0.156128
0.398773,0.098999
0.640442,-0.254364
0.656799,0.253601
0.274963,0.217865
0.403778,0.236389
0.329803,0.305725
0.708710,0.291809
0.708771,0.355530
0.198792,0.218536
0.163391,0.283295
0.711609,0.292389
0.528748,0.336792
0.585541,0.271362
0.230316,0.300476
0.376068,0.246735
0.158539,0.284760
0.552185,0.267914
0.251984,0.300507
-0.004181,0.297729
-0.218414,0.475983
0.348114,0.507202
0.205994,0.236572
0.237885,0.220764
-0.598907,0.398132
-0.514435,0.663269
-0.170532,0.560822
0.062195,-0.251831
-0.060974,0.228485
-0.666290,0.563904
-0.786926,0.275421
-0.498627,0.049774
-0.389740,0.235229
-0.244476,0.139862
-0.864532,0.098541
-0.904999,-0.093201
-0.398743,0.480408
-0.142303,0.752808
-0.274902,0.156952
-0.562683,-0.221954
-0.778198,0.363190
-0.447052,0.644897
0.062408,-0.038177
-0.047913,-0.299286
-0.084686,0.026001
-0.317841,0.259064
0.254150,0.151917
0.603394,0.147308
0.108826,-0.288300
0.110107,0.244812
0.214783,0.179688
0.095673,0.087494
0.818665,-0.242126
0.691742,0.245270
0.091888,0.191803
0.172455,0.204987
0.531738,0.320190
0.688080,0.285370
0.403442,0.322876
0.389801,0.246216
0.391907,0.314301
0.653809,0.282227
0.715973,0.355347
0.564117,0.266937
0.338867,0.313782
0.193207,0.220795
0.513153,0.322540
0.621521,0.274750
0.398895,0.321259
0.123810,0.207947
0.032257,0.256622
-0.099701,0.290192
0.355347,0.302734
0.213806,0.220917
-0.289032,0.462799
-0.486115,0.428680
-0.091461,0.741547
-0.196808,0.167969
-0.314819,-0.183929
-0.542542,0.438934
-0.614868,0.589447
-0.187561,0.488861
-0.323578,-0.226990
-0.513611,-0.102081
-0.689636,0.389801
-0.758240,0.533508
-0.086151,0.512756
0.033600,-0.271393
-0.040344,0.229950
-0.434723,0.648926
-0.595093,0.352997
-0.210144,0.079102
0.123352,-0.283844
-0.118256,-0.215149
-0.196838,0.549530
-0.403809,0.414978
0.213745,-0.264069
0.365753,-0.082336
0.281097,0.292633
-0.089966,0.402679
0.204132,0.235535
0.345367,0.144623
0.924988,-0.051056
0.553070,0.084137
0.283630,0.103394
0.332092,0.101593
0.527222,0.090179
0.695923,0.072235
0.616425,0.080200
0.391296,0.097443
0.275635,0.103363
0.617340,0.083069
0.750916,0.068542
0.713104,0.073608
-0.221405,0.368408
0.158325,0.216980
0.649994,0.136963
0.666229,-0.035919
0.058350,0.112335
0.131622,0.114258
0.039001,0.096954
0.519470,0.071075
0.441101,0.080536
0.084839,0.108643
-0.346436,0.350311
-0.446930,0.372772
-0.190338,0.388580
-0.002869,0.418152
-0.101654,0.405823
-0.669952,0.319244
-0.604523,0.588776
-0.606842,0.343597
-0.087555,0.119843
-0.629425,-0.342804
-0.534821,-0.119934
-0.808289,0.358582
-0.528107,0.615204
0.008759,-0.057861
0.101196,-0.367767
-0.631073,-0.142120
-0.444763,0.464172
-0.080475,0.769073
-0.070496,0.186981
-0.052460,-0.142822
-0.323578,0.298218
-0.382080,0.667725
-0.071350,0.529022
0.227814,-0.238129
0.433929,-0.058289
0.697968,0.356445
0.078217,0.213104
0.302734,0.148163
0.780640,-0.045258
0.256897,0.099884
0.460632,0.095642
0.072784,0.111725
0.472168,0.085663
0.954742,0.045654
0.809326,0.063507
0.504761,0.091522
0.393219,0.097687
0.627472,0.080536
0.812836,0.064606
0.778137,0.069244
0.255798,0.105133
-0.027374,0.376099
0.409821,0.251892
0.459442,0.132843
0.430145,-0.029755
0.089813,0.111145
-0.096375,0.382965
0.182343,0.220917
0.322205,0.139832
0.072540,-0.026154
-0.353790,0.376160
-0.224823,0.402710
-0.135284,0.399445
-0.094971,0.405212
-0.284637,0.377167
-0.684113,0.314636
-0.630310,0.578735
-0.730316,0.297485
-0.381073,0.006287
-0.396912,-0.165802
-0.512268,-0.108307
-0.866913,0.345978
-0.575348,0.596832
-0.016174,0.538574
-0.297943,-0.216248
-0.303986,-0.233063
-0.606049,0.414734
-0.390259,0.669800
-0.023590,0.541931
-0.115387,-0.185669
-0.155823,0.214447
-0.621826,0.578461
0.289703,-0.001221
0.465424,-0.287628
0.113098,-0.265472
-0.059235,0.604858
-0.069336,0.523956
0.427673,-0.212494
0.777374,0.054169
0.319672,0.317200
0.074493,0.205505
0.323242,0.147705
0.470123,-0.035278
0.658478,0.076294
0.803741,0.065399
0.204712,0.106720
0.494202,0.095001
0.567352,0.083923
0.942413,0.054749
0.595276,0.083374
0.468292,0.094818
0.125122,0.110138
0.045837,0.117493
0.490784,0.084747
0.429169,0.087341
0.077972,0.109375
-0.272614,0.353333
-0.031769,0.436401
0.281433,0.250031
0.205811,0.147858
-0.259674,0.288361
-0.252747,0.870422
-0.395447,0.175537
0.040009,-0.305450
-0.576355,0.269592
-0.738464,0.533630
-0.831146,0.256531
-0.830231,-0.063629
-0.006165,0.627167
-0.213928,0.484924
-0.385132,-0.238190
-0.968353,-0.206451
-0.456940,0.458221
-0.250610,0.719574
0.039368,0.034607
-0.543915,-0.221680
-0.380127,0.486115
-0.321106,0.700836
0.092590,0.037048
-0.017151,-0.142242
-0.047638,0.339783
-0.192932,0.728333
0.059418,0.039795
0.329681,-0.264465
0.388336,0.297089
0.029602,0.193542
0.196350,0.152924
0.331085,-0.030334
0.607269,0.081848
0.468689,0.091125
0.776276,0.067078
0.198303,0.106537
0.488068,0.095306
0.688690,0.073151
0.742096,0.070404
0.283997,0.103058
0.260773,0.105560
0.376465,0.099213
0.930908,0.055542
0.573700,0.083893
0.488739,0.093018
0.055450,0.113525
0.031494,0.118256
0.640045,0.075653
0.462067,0.086212
0.095428,0.108856
0.047607,0.117767
0.155090,0.095001
0.121307,0.083466
-0.137482,0.368073
-0.303741,0.396637
-0.260193,0.380127
-0.070007,0.407318
-0.098328,0.405396
0.005432,0.203796
-0.446930,0.402466
-0.623169,0.626251
-0.408264,0.477692
-0.587311,-0.268402
-0.239319,0.057159
-0.713989,0.414124
-0.615875,0.587830
-0.373688,0.429626
0.023315,-0.297028
-0.194489,-0.223175
-0.475098,0.456421
-0.413391,0.664642
-0.594330,0.355530
-0.183807,0.089539
0.231781,-0.261597
-0.227966,-0.226776
-0.073456,0.593353
0.247589,-0.006378
0.154083,-0.346008
0.341034,-0.235443
-0.111420,0.589325
0.020325,-0.059967
0.337555,-0.324188
0.726135,-0.168274
0.578979,0.338104
0.347687,0.246155
0.234314,0.145172
0.520996,-0.035522
0.613007,0.079376
0.749023,0.069489
0.159637,0.108673
0.355164,0.102295
0.237000,0.104919
0.846069,0.063293
0.663696,0.076202
0.361816,0.099396
0.251770,0.105011
0.086609,0.113800
0.451813,0.085785
0.722961,0.063019
0.012909,0.111908
-0.319336,0.380341
-0.153717,0.414673
0.459869,0.268036
0.124054,0.145233
-0.420013,0.294861
-0.258331,0.782379
-0.170746,0.176361
-0.322968,-0.184448
-0.405548,0.481537
-0.350800,0.689636
-0.676727,0.090179
-0.450134,0.058075
-0.223328,0.295837
-0.466156,-0.027344
-0.539398,-0.215485
-0.657654,-0.153534
-0.311523,0.508209
-0.133728,0.757721
-0.261597,0.159393
-0.372894,-0.193420
-0.687317,0.393005
-0.021667,0.779480
-0.048370,0.189789
-0.136749,-0.155273
-0.275177,0.528107
-0.296051,0.451904
-0.025146,-0.181000
0.381134,-0.067169
0.096893,0.262238
-0.366180,0.358704
-0.031128,0.776886
0.493988,0.095398
0.400848,-0.242554
0.320251,0.288727
0.142578,0.211700
0.122742,0.148743
0.484039,-0.034210
0.810150,0.063721
0.696716,0.073853
0.417511,0.096405
0.538635,0.088440
0.469696,0.092255
0.624023,0.079651
0.564819,0.084686
-0.007111,0.367767
-0.112061,0.427979
0.225433,0.242035
0.322632,0.145020
0.263672,-0.027771
-0.147003,0.374298
0.139099,0.212524
0.268951,0.142090
0.184326,-0.026428
-0.039734,0.377197
-0.207489,0.411346
-0.547211,0.338196
-0.535309,0.616394
-0.119080,0.510651
-0.259094,-0.213623
-0.794586,-0.273804
-0.571899,0.421722
-0.319519,0.696198
-0.236084,0.157257
-0.293365,-0.181641
-0.480804,0.458374
-0.773071,0.533051
-0.377625,0.423706
0.157043,-0.271973
-0.376709,0.190002
-0.416412,0.650787
-1.000000,0.204651
0.025269,0.067627
0.194153,0.078552
0.094910,-0.302856
-0.421875,0.284729
-0.316864,0.686737
-0.166840,0.503357
0.192627,-0.247528
0.272461,-0.111359
0.053802,0.147491
-0.573059,0.033936
0.234589,0.089355
0.572113,0.137939
0.379547,-0.242462
0.266418,0.279572
0.343842,0.236969
0.515961,0.137451
0.836060,-0.045013
0.619171,0.080414
0.287201,0.103363
0.147522,0.110840
0.526917,0.093048
0.753021,0.067230
0.923065,0.057373
0.339722,0.101105
0.138489,0.111420
0.251556,0.106873
0.666046,0.078857
0.300018,0.100281
0.096191,0.113312
0.059723,0.097900
0.386688,0.075287
0.045563,0.100464
0.042267,0.093384
-0.364716,0.362427
-0.581146,0.351288
-0.312622,0.695221
-0.005402,0.547211
-0.501221,-0.250092
-0.311066,-0.041168
-0.917725,0.337219
-0.378784,0.668304
-0.102356,0.520355
-0.309570,-0.221344
-0.369354,-0.239594
-0.538910,0.435059
-0.693024,0.560425
-0.232330,0.473328
-0.225830,-0.212250
-0.643707,-0.265228
-0.421204,0.469421
-0.314972,0.701691
-0.157471,0.169556
0.004822,-0.305481
-0.365417,0.289764
-0.237427,0.710114
0.190002,0.051910
0.211060,-0.282990
0.188782,0.259949
0.070801,0.194092
-0.177490,0.392029
0.257782,0.220856
0.502258,0.249695
0.663849,0.347321
0.218262,0.220398
0.309662,0.301361
0.538269,0.263153
0.830109,0.360870
0.309998,0.231262
0.479279,0.324799
0.578033,0.268463
0.708282,0.353851
0.783112,0.300354
0.444458,0.329102
0.242767,0.228027
0.239838,0.292145
0.412506,0.248871
0.690674,0.347107
0.455597,0.248840
0.189636,0.293854
-0.224426,0.271698
0.070953,0.261139
0.331085,0.240265
0.116058,0.275482
-0.232666,0.272858
-0.527710,0.427795
-0.220520,0.831726
-0.281128,0.140106
-0.191681,-0.167816
-0.834473,0.354950
-0.625183,0.579010
-0.537506,0.368561
-0.210999,0.081451
-0.642090,-0.348419
-0.302643,-0.048187
-0.864777,0.349091
-0.224060,0.717651
-0.248657,0.157623
0.047119,-0.300293
-0.252869,0.303925
-0.632782,0.576538
-0.119965,0.506683
-0.111298,-0.188843
0.034668,-0.172272
-0.304932,0.557068
-0.108185,0.508362
