10240 5120 2112 5120 -6144 -6144 -3072 -6144 -1536 -6144 6144 -6144 -3072 -3072 -1536 6144 5120 -3584 5120 12288
10240 -3072 3072 6144 6144 -5120 3072 -2560 3072 -6144 -9216 -3072 -6144 6144 5120 6144 -224 -5120 6144 -6144
-6144 -9216 5120 -6144 -4608 -6144 7168 -6144 -7168 -5120 -5120 768 2560 -7168 -10240 -5120 -10240 10240 6144 3072
3072 -4608 1920 -2560 -1536 -6144 3072 2560 3072 -2560 5120 5120 6144 10240 2560 -6144 7168 -9216 -384 8
960 3072 6144 -5120 -6144 -3072 -10240 4608 1280 -6144 6144 10240 -4608 -1536 5120 -5120 -1280 -10240 768 -5120
1040 768 -6144 640 1280 -4608 -6144 -9216 -2560 3072 10240 6144 -10240 6144 -3072 5120 -1280 -6144 -1536 5120
-6144 3072 6144 -6144 -1536 -960 -1280 2304 72 2304 -1536 -2560 -4608 -6144 6144 -6144 -1280 1536 2560 -5120
6144 2560 -5120 -7168 5120 6144 -5120 192 -2304 2560 -9216 -6144 -4608 6144 -9216 5120 -6144 9216 6144 -10240
3072 -5120 2176 640 6144 6144 3072 -4608 -6144 -3072 1536 -5120 4608 5120 -5120 4608 2560 -1536 -768 3072
-768 -2560 -3072 6144 1536 5120 -20 2560 768 -3072 10240 6144 -3072 5120 384 6144 5120 -3072 -2560 -5120
-5120 10240 -7168 -2304 -9216 6144 6144 3072 1536 -7168 -5120 6144 -1280 7168 7680 -1536 384 -6144 -10240 -4608
12288 4608 -6144 1536 5120 -6144 -3072 -1536 -1536 6144 5120 -12288 -2560 -6144 -4608 -6144 6144 -6144 -1280 3072
-6144 3584 10240 -9216 -768 6144 6144 -1536 1280 2560 6144 -6144 -3072 4608 6144 -2560 -9216 1536 9216 -10240
-4352 -2560 -3072 2560 -1536 -2560 -10240 3072 -3072 -1536 1280 -2560 -7168 -6144 6144 30 2560 2560 -4608 1280
-6144 -3072 1152 640 -5120 -2560 -4608 -3072 -5120 5120 6144 -6144 -9216 -4608 3072 4608 3072 10240 1536 -1792
5120 -5120 3072 9216 -480 5120 -6144 -6144 -3072 -5120 10240 5120 2560 -3072 7168 -6144 2560 -1152 -8704 2560
-5120 -5120 -4608 -5120 -9216 -288 6144 1536 1280 3072 768 3072 6144 6144 2560 -3072 6144 3072 -1280 6144
-6144 -10240 -6144 -1536 6144 6144 3072 -6144 -10240 -768 6144 -2304 768 5120 -9216 -2560 896 2560 6144 -10240
3072 -6144 6144 6144 2560 6144 -6144 -5120 -5120 -1280 1152 -5120 4352 1536 -1536 -640 -7168 -2560 6144 -7168
6144 6144 768 3072 -6144 -10240 -6144 -3072 -5120 -3072 -1536 -6144 9216 3072 10240 -5120 6144 -3072 -7168 1536
