0.3125000000 0.1562500000 0.0644531250 0.1562500000 -0.1875000000 -0.1875000000 -0.0937500000 -0.1875000000 -0.0468750000 -0.1875000000 0.1875000000 -0.1875000000 -0.0937500000 -0.0937500000 -0.0468750000 0.1875000000 0.1562500000 -0.1093750000 0.1562500000 0.3750000000
0.3125000000 -0.0937500000 0.0937500000 0.1875000000 0.1875000000 -0.1562500000 0.0937500000 -0.0781250000 0.0937500000 -0.1875000000 -0.2812500000 -0.0937500000 -0.1875000000 0.1875000000 0.1562500000 0.1875000000 -0.0068359375 -0.1562500000 0.1875000000 -0.1875000000
-0.1875000000 -0.2812500000 0.1562500000 -0.1875000000 -0.1406250000 -0.1875000000 0.2187500000 -0.1875000000 -0.2187500000 -0.1562500000 -0.1562500000 0.0234375000 0.0781250000 -0.2187500000 -0.3125000000 -0.1562500000 -0.3125000000 0.3125000000 0.1875000000 0.0937500000
0.0937500000 -0.1406250000 0.0585937500 -0.0781250000 -0.0468750000 -0.1875000000 0.0937500000 0.0781250000 0.0937500000 -0.0781250000 0.1562500000 0.1562500000 0.1875000000 0.3125000000 0.0781250000 -0.1875000000 0.2187500000 -0.2812500000 -0.0117187500 0.0002517700
0.0292968750 0.0937500000 0.1875000000 -0.1562500000 -0.1875000000 -0.0937500000 -0.3125000000 0.1406250000 0.0390625000 -0.1875000000 0.1875000000 0.3125000000 -0.1406250000 -0.0468750000 0.1562500000 -0.1562500000 -0.0390625000 -0.3125000000 0.0234375000 -0.1562500000
0.0317382812 0.0234375000 -0.1875000000 0.0195312500 0.0390625000 -0.1406250000 -0.1875000000 -0.2812500000 -0.0781250000 0.0937500000 0.3125000000 0.1875000000 -0.3125000000 0.1875000000 -0.0937500000 0.1562500000 -0.0390625000 -0.1875000000 -0.0468750000 0.1562500000
-0.1875000000 0.0937500000 0.1875000000 -0.1875000000 -0.0468750000 -0.0292968750 -0.0390625000 0.0703125000 0.0021972656 0.0703125000 -0.0468750000 -0.0781250000 -0.1406250000 -0.1875000000 0.1875000000 -0.1875000000 -0.0390625000 0.0468750000 0.0781250000 -0.1562500000
0.1875000000 0.0781250000 -0.1562500000 -0.2187500000 0.1562500000 0.1875000000 -0.1562500000 0.0058593750 -0.0703125000 0.0781250000 -0.2812500000 -0.1875000000 -0.1406250000 0.1875000000 -0.2812500000 0.1562500000 -0.1875000000 0.2812500000 0.1875000000 -0.3125000000
0.0937500000 -0.1562500000 0.0664062500 0.0195312500 0.1875000000 0.1875000000 0.0937500000 -0.1406250000 -0.1875000000 -0.0937500000 0.0468750000 -0.1562500000 0.1406250000 0.1562500000 -0.1562500000 0.1406250000 0.0781250000 -0.0468750000 -0.0234375000 0.0937500000
-0.0234375000 -0.0781250000 -0.0937500000 0.1875000000 0.0468750000 0.1562500000 -0.0006103516 0.0781250000 0.0234375000 -0.0937500000 0.3125000000 0.1875000000 -0.0937500000 0.1562500000 0.0117187500 0.1875000000 0.1562500000 -0.0937500000 -0.0781250000 -0.1562500000
-0.1562500000 0.3125000000 -0.2187500000 -0.0703125000 -0.2812500000 0.1875000000 0.1875000000 0.0937500000 0.0468750000 -0.2187500000 -0.1562500000 0.1875000000 -0.0390625000 0.2187500000 0.2343750000 -0.0468750000 0.0117187500 -0.1875000000 -0.3125000000 -0.1406250000
0.3750000000 0.1406250000 -0.1875000000 0.0468750000 0.1562500000 -0.1875000000 -0.0937500000 -0.0468750000 -0.0468750000 0.1875000000 0.1562500000 -0.3750000000 -0.0781250000 -0.1875000000 -0.1406250000 -0.1875000000 0.1875000000 -0.1875000000 -0.0390625000 0.0937500000
-0.1875000000 0.1093750000 0.3125000000 -0.2812500000 -0.0234375000 0.1875000000 0.1875000000 -0.0468750000 0.0390625000 0.0781250000 0.1875000000 -0.1875000000 -0.0937500000 0.1406250000 0.1875000000 -0.0781250000 -0.2812500000 0.0468750000 0.2812500000 -0.3125000000
-0.1328125000 -0.0781250000 -0.0937500000 0.0781250000 -0.0468750000 -0.0781250000 -0.3125000000 0.0937500000 -0.0937500000 -0.0468750000 0.0390625000 -0.0781250000 -0.2187500000 -0.1875000000 0.1875000000 0.0009155273 0.0781250000 0.0781250000 -0.1406250000 0.0390625000
-0.1875000000 -0.0937500000 0.0351562500 0.0195312500 -0.1562500000 -0.0781250000 -0.1406250000 -0.0937500000 -0.1562500000 0.1562500000 0.1875000000 -0.1875000000 -0.2812500000 -0.1406250000 0.0937500000 0.1406250000 0.0937500000 0.3125000000 0.0468750000 -0.0546875000
0.1562500000 -0.1562500000 0.0937500000 0.2812500000 -0.0146484375 0.1562500000 -0.1875000000 -0.1875000000 -0.0937500000 -0.1562500000 0.3125000000 0.1562500000 0.0781250000 -0.0937500000 0.2187500000 -0.1875000000 0.0781250000 -0.0351562500 -0.2656250000 0.0781250000
-0.1562500000 -0.1562500000 -0.1406250000 -0.1562500000 -0.2812500000 -0.0087890625 0.1875000000 0.0468750000 0.0390625000 0.0937500000 0.0234375000 0.0937500000 0.1875000000 0.1875000000 0.0781250000 -0.0937500000 0.1875000000 0.0937500000 -0.0390625000 0.1875000000
-0.1875000000 -0.3125000000 -0.1875000000 -0.0468750000 0.1875000000 0.1875000000 0.0937500000 -0.1875000000 -0.3125000000 -0.0234375000 0.1875000000 -0.0703125000 0.0234375000 0.1562500000 -0.2812500000 -0.0781250000 0.0273437500 0.0781250000 0.1875000000 -0.3125000000
0.0937500000 -0.1875000000 0.1875000000 0.1875000000 0.0781250000 0.1875000000 -0.1875000000 -0.1562500000 -0.1562500000 -0.0390625000 0.0351562500 -0.1562500000 0.1328125000 0.0468750000 -0.0468750000 -0.0195312500 -0.2187500000 -0.0781250000 0.1875000000 -0.2187500000
0.1875000000 0.1875000000 0.0234375000 0.0937500000 -0.1875000000 -0.3125000000 -0.1875000000 -0.0937500000 -0.1562500000 -0.0937500000 -0.0468750000 -0.1875000000 0.2812500000 0.0937500000 0.3125000000 -0.1562500000 0.1875000000 -0.0937500000 -0.2187500000 0.0468750000
